729 703
-1
-1
-1
-1
-1
-1
-1
-1
-1
-1
-1
-1
-1
-1
-1
-1
-1
-1
-1
-1
-1
-1
-1
-1
-1
-1
-1
-1
-1
-1
-1
-1
-1
-1
-1
-1
-1
-1
-1
-1
-1
-1
-1
-1
-1
-1
-1
-1
-1
-1
-1
-1
-1
-1
-1
-1
-1
-1
-1
-1
-1
-1
-1
-1
-1
-1
-1
-1
-1
-1
-1
-1
-1
-1
-1
-1
-1
-1
-1
-1
-1
-1
-1
-1
-1
-1
-1
-1
-1
-1
-1
-1
-1
-1
-1
-1
-1
-1
-1
-1
-1
-1
-1
-1
-1
-1
-1
-1
-1
-1
-1
-1
-1
-1
-1
-1
-1
-1
-1
-1
-1
-1
-1
-1
-1
-1
-1
-1
-1
-1
-1
-1
-1
-1
-1
-1
-1
-1
-1
-1
-1
-1
-1
-1
-1
-1
-1
-1
-1
-1
-1
-1
-1
-1
-1
-1
-1
-1
-1
-1
-1
-1
-1
-1
-1
-1
-1
-1
-1
-1
-1
-1
-1
-1
-1
-1
-1
-1
-1
-1
-1
-1
-1
-1
-1
-1
-1
-1
-1
-1
-1
-1
-1
-1
-1
-1
-1
-1
-1
-1
-1
-1
-1
-1
-1
-1
-1
-1
-1
-1
-1
-1
-1
-1
-1
-1
-1
-1
-1
-1
-1
-1
-1
-1
-1
-1
-1
-1
-1
-1
-1
-1
-1
-1
-1
-1
-1
-1
-1
-1
-1
649 -1
672 674 677 -1
602 604 607 609 610 613 618 697 702 -1
0 2 627 640 642 650 653 656 658 661 662 664 665 667 670 -1
20 29 648 650 702 -1
1 2 4 9 45 56 669 670 672 702 -1
0 35 37 72 82 692 702 -1
0 70 72 75 99 108 -1
12 14 104 106 107 127 135 -1
35 135 137 150 161 -1
58 166 176 187 -1
73 76 78 194 200 212 -1
99 223 227 238 -1
119 122 251 253 265 -1
141 143 289 -1
165 315 -1
191 341 -1
214 216 367 -1
240 393 -1
263 420 -1
284 287 449 -1
310 476 478 -1
332 504 -1
358 533 -1
383 561 -1
408 587 589 -1
430 433 617 -1
456 644 -1
479 481 671 -1
505 698 -1
529 702 -1
0 22 552 702 -1
0 48 578 702 -1
0 75 602 702 -1
0 101 189 626 702 -1
0 128 213 220 652 702 -1
0 154 239 247 677 702 -1
0 180 263 274 702 -1
0 207 289 301 -1
25 234 315 329 -1
49 260 339 355 -1
75 287 365 383 -1
100 314 391 411 -1
127 341 416 437 -1
156 367 441 464 -1
184 186 393 466 490 -1
213 215 221 223 421 492 517 -1
242 243 247 250 252 447 518 545 -1
281 283 285 473 543 570 -1
309 312 314 501 568 597 -1
341 343 528 595 623 -1
371 553 620 650 -1
398 400 581 645 676 -1
428 607 671 702 -1
0 454 456 634 696 702 -1
0 26 485 661 -1
19 53 511 687 -1
44 78 539 702 -1
0 11 69 106 566 568 702 -1
0 38 95 132 595 702 -1
0 63 120 158 624 702 -1
0 91 146 184 651 702 -1
0 118 172 212 678 702 -1
0 144 197 237 -1
2 171 223 264 -1
29 197 247 290 -1
56 224 273 317 -1
84 251 299 343 -1
111 277 324 368 -1
138 304 350 395 -1
166 331 376 422 -1
192 356 401 447 -1
218 384 427 474 -1
246 411 452 500 -1
272 436 478 526 -1
300 464 503 552 -1
326 489 529 577 -1
354 516 555 604 -1
380 544 580 630 -1
98 407 570 605 656 -1
121 126 433 597 632 682 -1
147 155 460 624 657 702 -1
0 6 171 182 487 651 683 702 -1
0 31 195 209 513 677 -1
6 57 222 234 540 702 -1
0 1 32 84 248 260 566 702 -1
0 27 57 110 272 281 285 593 702 -1
0 54 83 135 299 307 618 702 -1
0 80 108 161 324 332 645 702 -1
0 107 134 187 240 243 245 246 351 360 671 702 -1
0 134 161 213 257 260 261 263 277 376 385 697 702 -1
0 160 185 239 279 281 305 402 411 -1
20 187 212 265 302 333 428 437 -1
46 214 238 292 325 362 454 462 -1
71 240 263 317 347 388 479 487 -1
98 266 289 343 368 371 416 489 504 513 517 520 522 525 529 534 -1
125 128 130 132 139 294 315 368 394 443 513 516 523 530 557 559 563 565 566 -1
166 168 321 341 394 415 417 470 537 546 548 549 551 554 556 605 607 610 -1
195 347 366 421 440 496 560 562 639 641 642 644 645 -1
223 225 373 392 446 461 462 465 522 582 584 673 675 676 -1
252 399 417 471 486 548 608 702 -1
0 4 6 9 280 427 444 497 512 574 633 702 -1
0 36 38 39 41 43 46 306 308 310 453 469 523 538 600 658 702 -1
0 72 74 75 77 337 481 495 549 562 625 683 702 -1
0 109 111 112 365 507 521 575 586 588 652 -1
6 144 146 391 533 547 599 610 677 -1
31 174 419 561 574 626 635 702 -1
56 202 448 587 599 652 659 702 -1
0 25 82 234 474 613 625 676 682 702 -1
0 50 108 262 502 640 651 702 -1
5 76 133 290 530 666 676 702 -1
0 24 30 100 157 316 558 694 702 -1
0 50 55 126 183 344 585 702 -1
0 17 26 75 81 151 208 371 612 702 -1
0 43 50 100 105 176 233 398 639 702 -1
0 71 77 126 130 202 259 425 427 667 702 -1
0 98 104 152 156 227 284 454 693 702 -1
0 123 128 177 181 251 309 481 483 -1
18 151 155 203 206 277 335 510 -1
44 178 181 228 233 302 359 538 -1
71 203 207 253 258 327 384 564 -1
98 100 231 233 280 283 353 410 593 -1
125 377 434 620 -1
152 403 460 647 -1
180 428 485 675 677 -1
206 452 510 702 -1
0 233 478 535 702 -1
0 28 260 504 559 702 -1
0 55 57 286 528 583 702 -1
0 83 314 554 608 702 -1
0 111 340 579 634 702 -1
0 140 367 604 657 702 -1
0 167 394 629 683 702 -1
0 194 419 654 -1
3 222 447 679 -1
28 250 474 702 -1
0 2 52 277 279 500 702 -1
0 26 77 305 527 702 -1
0 52 101 103 333 335 554 702 -1
0 79 126 362 579 702 -1
0 103 148 150 389 607 702 -1
0 129 174 416 633 702 -1
0 155 198 200 445 659 702 -1
0 179 223 472 685 702 -1
0 204 247 499 -1
9 229 272 526 528 -1
36 254 294 296 557 -1
63 280 320 584 -1
88 305 342 611 -1
114 330 366 368 638 -1
141 356 392 666 -1
168 380 415 692 -1
194 405 439 702 -1
0 17 221 431 463 702 -1
0 45 246 456 485 487 702 -1
0 71 272 481 511 702 -1
0 99 299 506 533 702 -1
0 125 325 531 558 702 -1
0 152 352 556 581 702 -1
0 179 377 580 603 605 702 -1
0 205 405 605 628 702 -1
0 233 431 630 650 702 -1
0 260 456 654 673 675 702 -1
0 287 483 680 696 698 702 -1
0 314 509 702 -1
0 5 19 341 536 702 -1
0 31 39 42 367 562 702 -1
0 62 65 395 588 702 -1
0 420 615 702 -1
0 447 641 702 -1
0 473 666 702 -1
0 499 693 702 -1
0 500 502 503 505 507 510 525 -1
17 520 523 526 529 539 545 547 551 -1
41 542 544 573 575 -1
69 567 601 -1
95 590 -1
120 611 613 -1
147 634 637 -1
173 659 -1
199 682 -1
225 702 -1
0 3 5 251 702 -1
0 28 277 303 305 309 311 314 316 317 319 702 -1
0 52 304 321 323 346 348 702 -1
0 77 329 343 346 376 702 -1
0 102 355 364 366 405 702 -1
0 125 381 389 434 436 702 -1
0 151 407 415 462 702 -1
0 173 175 432 441 490 702 -1
0 199 459 462 464 466 516 518 702 -1
0 224 486 488 491 543 702 -1
0 249 570 573 575 702 -1
0 273 275 597 598 601 702 -1
0 298 629 702 -1
0 324 656 702 -1
0 349 683 702 -1
0 373 -1
7 398 -1
35 423 -1
62 448 -1
89 91 473 -1
117 498 -1
144 524 -1
171 547 549 -1
197 572 -1
224 598 -1
251 623 -1
277 648 650 -1
305 672 676 677 -1
332 699 701 702 -1
0 2 358 702 -1
0 21 23 28 385 702 -1
0 47 51 54 411 702 -1
0 71 77 78 438 702 -1
0 80 83 84 86 91 92 94 96 97 464 702 -1
0 104 123 490 702 -1
0 124 128 518 702 -1
0 146 545 702 -1
0 169 172 572 702 -1
0 193 598 702 -1
0 216 625 702 -1
0 241 651 702 -1
0 263 678 702 -1
0 289 -1
0 311 -1
28 335 -1
54 360 -1
80 382 -1
108 405 -1
134 431 -1
160 454 -1
187 480 -1
214 505 -1
240 528 -1
266 554 -1
293 578 -1
320 602 -1
347 628 -1
373 651 -1
399 675 677 -1
425 701 -1
452 702 -1
0 23 479 702 -1
0 49 505 702 -1
0 75 532 702 -1
0 99 558 702 -1
0 124 583 702 -1
0 148 610 702 -1
0 173 638 702 -1
0 199 662 702 -1
0 224 689 702 -1
0 249 -1
13 273 275 -1
38 298 -1
66 324 -1
93 349 -1
119 373 -1
145 399 -1
171 423 -1
198 449 -1
225 475 -1
251 475 477 478 480 486 488 499 -1
277 493 495 496 507 517 518 520 525 -1
304 515 518 522 547 550 -1
330 535 574 575 -1
356 561 -1
383 582 -1
410 604 -1
436 627 630 -1
462 649 651 652 -1
489 675 -1
516 696 699 -1
541 702 -1
0 17 568 702 -1
0 41 588 589 595 702 -1
0 64 67 612 615 617 620 702 -1
0 87 89 637 702 -1
0 111 660 702 -1
0 134 136 685 702 -1
0 158 -1
8 183 -1
33 206 -1
60 230 232 -1
86 255 -1
112 279 -1
137 303 -1
164 189 191 327 -1
191 212 217 352 -1
218 238 245 378 -1
244 264 272 403 -1
270 288 299 426 428 -1
297 314 326 452 -1
323 338 352 477 -1
351 363 379 502 -1
378 389 406 527 -1
405 414 432 551 -1
433 438 459 576 -1
460 461 463 485 602 -1
512 626 -1
539 652 -1
567 677 -1
593 702 -1
619 702 -1
0 24 26 645 702 -1
0 52 672 702 -1
0 80 699 702 -1
0 107 109 -1
21 137 -1
48 165 -1
75 192 -1
101 217 -1
127 245 -1
154 245 247 272 -1
180 269 273 297 -1
207 293 301 323 -1
233 318 326 349 -1
259 343 353 375 -1
286 369 381 401 -1
312 393 408 427 -1
338 419 435 453 -1
365 444 463 478 -1
391 469 489 503 -1
419 422 496 516 529 -1
449 521 543 554 -1
476 546 568 577 -1
504 571 595 601 603 -1
530 596 622 625 626 -1
556 623 -1
584 648 -1
610 673 -1
636 699 -1
664 702 -1
0 22 690 702 -1
0 47 -1
13 74 -1
41 100 -1
67 125 -1
94 150 -1
120 176 -1
148 202 -1
174 227 -1
200 252 -1
227 277 -1
254 303 -1
280 325 327 328 -1
306 348 -1
333 371 -1
359 395 -1
386 421 -1
411 444 -1
439 469 -1
465 495 -1
490 519 -1
517 545 -1
544 571 -1
570 595 -1
597 619 -1
621 644 -1
649 669 -1
675 695 -1
701 702 -1
0 15 -1
24 41 -1
50 66 -1
77 91 -1
103 116 -1
130 141 -1
155 166 -1
181 193 -1
206 217 -1
232 243 -1
259 269 -1
285 293 -1
310 319 -1
337 344 -1
362 370 -1
389 395 -1
414 421 -1
440 445 -1
466 472 -1
491 497 -1
517 522 -1
543 548 -1
568 573 -1
594 599 -1
620 625 -1
647 649 -1
674 -1
-1
-1
-1
-1
-1
-1
-1
-1
-1
-1
-1
-1
-1
-1
-1
-1
-1
-1
-1
-1
-1
-1
-1
-1
-1
-1
-1
-1
-1
-1
-1
-1
-1
-1
-1
-1
-1
-1
-1
-1
-1
-1
-1
-1
-1
-1
-1
-1
-1
-1
-1
-1
-1
-1
-1
-1
-1
-1
-1
-1
-1
-1
-1
-1
-1
-1
-1
-1
-1
-1
-1
-1
-1
-1
-1
-1
-1
-1
-1
-1
-1
-1
-1
-1
-1
-1
-1
-1
-1
-1
-1
-1
-1
-1
-1
-1
-1
-1
